| Backend     | NSubreddits | NArticles | Execution Time | Memory Used  |
|-------------|-------------|-----------|----------------|--------------|
| treap       | 1           | 1         | 0.415935       | 25.843750    |
| treap       | 1           | 5         | 0.415936       | 25.847656    |
| treap       | 1           | 10        | 0.418936       | 25.847656    |
| treap       | 1           | 20        | 0.415936       | 25.843750    |
| treap       | 1           | 27        | 0.415935       | 25.847656    |
| treap       | 10          | 1         | 4.114373       | 25.988281    |
| treap       | 10          | 5         | 4.121372       | 25.992188    |
| treap       | 10          | 10        | 4.112374       | 25.992188    |
| treap       | 10          | 20        | 4.118372       | 25.992188    |
| treap       | 10          | 27        | 4.121372       | 25.996094    |
| treap       | 25          | 1         | 10.393419      | 26.160156    |
| treap       | 25          | 5         | 10.316430      | 26.164062    |
| treap       | 25          | 10        | 10.305432      | 26.171875    |
| treap       | 25          | 20        | 10.304433      | 26.167969    |
| treap       | 25          | 27        | 10.319430      | 26.171875    |
| treap       | 50          | 1         | 20.609865      | 26.164062    |
| treap       | 50          | 5         | 20.676855      | 26.164062    |
| treap       | 50          | 10        | 20.635862      | 26.167969    |
| treap       | 50          | 20        | 20.671856      | 26.171875    |
| treap       | 50          | 27        | 20.605865      | 26.171875    |
| treap       | 100         | 1         | 41.280724      | 26.164062    |
| treap       | 100         | 5         | 41.357712      | 26.164062    |
| treap       | 100         | 10        | 41.205734      | 26.171875    |
| treap       | 100         | 20        | 41.221733      | 26.171875    |
| treap       | 100         | 27        | 41.129745      | 26.171875    |
| treap       | 250         | 1         | 102.242455     | 26.562500    |
| treap       | 250         | 5         | 103.089325     | 26.566406    |
| treap       | 250         | 10        | 103.222305     | 26.601562    |
| treap       | 250         | 20        | 102.480415     | 26.601562    |
| treap       | 250         | 27        | 101.768524     | 26.601562    |
