| Backend     | NSubreddits | NArticles | Execution Time | Memory Used  |
|-------------|-------------|-----------|----------------|--------------|
| bst         | 1           | 1         | 0.425934       | 25.835938    |
| bst         | 1           | 5         | 0.423934       | 25.839844    |
| bst         | 1           | 10        | 0.431933       | 25.835938    |
| bst         | 1           | 20        | 0.442931       | 25.839844    |
| bst         | 1           | 27        | 0.430934       | 25.839844    |
| bst         | 10          | 1         | 4.280348       | 25.996094    |
| bst         | 10          | 5         | 4.260351       | 25.996094    |
| bst         | 10          | 10        | 4.267350       | 25.992188    |
| bst         | 10          | 20        | 4.272350       | 25.996094    |
| bst         | 10          | 27        | 4.273350       | 25.996094    |
| bst         | 25          | 1         | 10.725368      | 26.160156    |
| bst         | 25          | 5         | 10.729368      | 26.164062    |
| bst         | 25          | 10        | 10.645381      | 26.171875    |
| bst         | 25          | 20        | 10.701372      | 26.167969    |
| bst         | 25          | 27        | 10.769362      | 26.171875    |
| bst         | 50          | 1         | 20.713850      | 26.164062    |
| bst         | 50          | 5         | 20.802837      | 26.164062    |
| bst         | 50          | 10        | 20.681854      | 26.171875    |
| bst         | 50          | 20        | 20.739845      | 26.171875    |
| bst         | 50          | 27        | 20.926819      | 26.171875    |
| bst         | 100         | 1         | 41.729656      | 26.160156    |
| bst         | 100         | 5         | 42.395554      | 26.160156    |
| bst         | 100         | 10        | 42.255573      | 26.171875    |
| bst         | 100         | 20        | 41.752651      | 26.171875    |
| bst         | 100         | 27        | 41.785648      | 26.171875    |
| bst         | 250         | 1         | 104.664085     | 26.546875    |
| bst         | 250         | 5         | 118.832932     | 26.546875    |
| bst         | 250         | 10        | 121.491531     | 26.542969    |
| bst         | 250         | 20        | 116.163338     | 26.546875    |
| bst         | 250         | 27        | 103.014336     | 26.546875    |
