| Backend     | NSubreddits | NArticles | Execution Time | Memory Used  |
|-------------|-------------|-----------|----------------|--------------|
| rbtree      | 1           | 1         | 0.552915       | 25.835938    |
| rbtree      | 1           | 5         | 0.524919       | 25.839844    |
| rbtree      | 1           | 10        | 0.552915       | 25.839844    |
| rbtree      | 1           | 20        | 0.554914       | 25.835938    |
| rbtree      | 1           | 27        | 0.558915       | 25.839844    |
| rbtree      | 10          | 1         | 5.335187       | 25.996094    |
| rbtree      | 10          | 5         | 5.419176       | 25.992188    |
| rbtree      | 10          | 10        | 5.334188       | 25.996094    |
| rbtree      | 10          | 20        | 5.289195       | 25.996094    |
| rbtree      | 10          | 27        | 5.191210       | 25.996094    |
| rbtree      | 25          | 1         | 13.027019      | 26.160156    |
| rbtree      | 25          | 5         | 13.137001      | 26.164062    |
| rbtree      | 25          | 10        | 12.790055      | 26.171875    |
| rbtree      | 25          | 20        | 12.798053      | 26.171875    |
| rbtree      | 25          | 27        | 12.798053      | 26.171875    |
| rbtree      | 50          | 1         | 25.880064      | 26.160156    |
| rbtree      | 50          | 5         | 26.028042      | 26.164062    |
| rbtree      | 50          | 10        | 25.655100      | 26.171875    |
| rbtree      | 50          | 20        | 1.073835       | 26.171875    |
| rbtree      | 50          | 27        | 27.012892      | 26.167969    |
| rbtree      | 100         | 1         | 52.913956      | 26.164062    |
| rbtree      | 100         | 5         | 51.384186      | 26.164062    |
| rbtree      | 100         | 10        | 52.375038      | 26.167969    |
| rbtree      | 100         | 20        | 51.211212      | 26.171875    |
| rbtree      | 100         | 27        | 51.938103      | 26.171875    |
| rbtree      | 250         | 1         | 131.807968     | 26.542969    |
| rbtree      | 250         | 5         | 126.504768     | 26.542969    |
| rbtree      | 250         | 10        | 107.678627     | 26.546875    |
| rbtree      | 250         | 20        | 103.687233     | 26.546875    |
| rbtree      | 250         | 27        | 106.276840     | 26.546875    |
